<?xml version="1.0" encoding="UTF-8" standalone="no"?>
<!DOCTYPE svg PUBLIC "-//W3C//DTD SVG 20010904//EN"
              "http://www.w3.org/TR/2001/REC-SVG-20010904/DTD/svg10.dtd">

<svg xmlns="http://www.w3.org/2000/svg"
     width="158.772mm" height="158.772mm"
     viewBox="0 0 600 600">
  <path id="Selection"
        fill="none" stroke="black" stroke-width="1"
        d="M 206.00,148.00
           C 202.94,150.93 197.27,153.76 193.00,154.00
             193.00,154.00 187.00,158.00 187.00,158.00
             187.00,158.00 177.04,170.00 177.04,170.00
             177.04,170.00 169.00,182.00 169.00,182.00
             169.00,182.00 168.00,185.00 168.00,185.00
             168.52,189.77 167.93,196.09 165.00,200.00
             166.34,205.49 166.34,208.51 165.00,214.00
             167.98,217.88 168.52,223.23 168.00,228.00
             168.00,228.00 170.00,234.00 170.00,234.00
             170.00,234.00 171.00,237.00 171.00,237.00
             171.00,237.00 178.45,249.00 178.45,249.00
             178.45,249.00 184.00,259.00 184.00,259.00
             184.00,259.00 195.00,270.00 195.00,270.00
             195.00,270.00 207.00,276.69 207.00,276.69
             207.00,276.69 229.00,287.00 229.00,287.00
             229.00,287.00 235.00,288.00 235.00,288.00
             238.80,287.12 239.75,286.65 243.00,289.00
             243.00,289.00 252.00,289.00 252.00,289.00
             255.25,286.65 256.20,287.12 260.00,288.00
             260.00,288.00 266.00,287.00 266.00,287.00
             269.48,284.03 271.51,283.82 276.00,284.00
             279.05,281.36 279.99,281.12 284.00,281.00
             284.00,281.00 286.00,280.00 286.00,280.00
             286.00,280.00 290.00,278.00 290.00,278.00
             290.00,278.00 294.00,276.00 294.00,276.00
             296.43,273.24 297.24,272.26 301.00,272.00
             301.00,272.00 304.00,270.00 304.00,270.00
             306.88,266.60 310.43,263.45 315.00,263.00
             320.15,256.45 335.51,246.93 344.00,247.00
             347.94,243.61 350.95,243.02 356.00,244.00
             356.00,244.00 360.04,241.50 360.04,241.50
             360.04,241.50 381.89,241.50 381.89,241.50
             381.89,241.50 385.00,243.00 385.00,243.00
             389.27,242.31 391.48,242.31 395.00,245.00
             403.39,244.26 418.64,251.69 424.00,258.00
             429.21,258.85 434.97,264.86 438.00,269.00
             441.55,269.95 441.93,271.06 444.00,274.00
             448.05,275.07 449.65,277.70 452.00,281.00
             452.00,281.00 456.00,282.00 456.00,282.00
             456.00,282.00 454.00,271.00 454.00,271.00
             451.32,268.32 450.22,266.85 450.00,263.00
             450.00,263.00 447.00,258.00 447.00,258.00
             447.00,258.00 436.91,247.00 436.91,247.00
             436.91,247.00 425.00,234.00 425.00,234.00
             420.57,233.14 414.89,228.42 412.00,225.00
             407.49,224.87 403.13,222.13 400.00,219.00
             395.75,219.06 394.26,218.80 391.00,216.00
             391.00,216.00 387.00,215.00 387.00,215.00
             379.99,216.55 375.28,214.46 368.72,213.60
             364.94,213.10 364.36,214.86 354.00,213.00
             350.26,215.76 338.67,216.76 334.00,216.00
             334.00,216.00 330.00,217.00 330.00,217.00
             330.00,217.00 327.00,218.00 327.00,218.00
             327.00,218.00 308.00,227.31 308.00,227.31
             308.00,227.31 296.00,233.00 296.00,233.00
             292.62,236.98 290.32,238.74 285.00,239.00
             285.00,239.00 280.00,241.00 280.00,241.00
             276.51,244.25 274.66,244.47 270.00,244.00
             266.75,246.35 265.80,245.88 262.00,245.00
             258.24,247.77 253.76,247.77 250.00,245.00
             242.27,246.81 231.50,243.76 226.00,238.00
             222.38,237.65 222.16,236.83 220.00,234.00
             215.94,232.93 212.15,229.03 211.00,225.00
             207.49,222.20 206.67,221.50 206.00,217.00
             202.44,213.65 201.70,211.88 202.00,207.00
             202.00,207.00 201.00,203.00 201.00,203.00
             196.72,197.18 201.07,183.12 208.00,181.00
             212.12,176.34 215.86,174.81 222.00,176.00
             224.79,174.04 225.21,174.04 228.00,176.00
             234.16,174.79 239.67,176.40 244.00,181.00
             247.42,181.55 249.00,182.61 250.00,186.00
             259.29,193.44 257.84,203.60 257.00,214.00
             257.00,214.00 267.00,207.00 267.00,207.00
             267.11,202.99 269.40,198.02 272.00,195.00
             272.00,195.00 271.00,175.00 271.00,175.00
             271.00,175.00 270.00,172.00 270.00,172.00
             267.08,169.14 263.89,165.02 263.00,161.00
             263.00,161.00 255.00,154.00 255.00,154.00
             251.12,153.84 250.47,152.88 248.00,150.00
             248.00,150.00 243.00,148.00 243.00,148.00
             243.00,148.00 240.00,147.00 240.00,147.00
             240.00,147.00 235.00,146.00 235.00,146.00
             235.00,146.00 218.00,147.09 218.00,147.09
             218.00,147.09 206.00,148.00 206.00,148.00 Z
           M 104.00,226.00
           C 100.75,228.35 99.80,227.88 96.00,227.00
             96.00,227.00 92.00,228.00 92.00,228.00
             92.00,228.00 88.00,229.00 88.00,229.00
             88.00,229.00 85.00,230.00 85.00,230.00
             81.34,233.23 76.87,234.87 72.00,235.00
             72.00,235.00 70.00,236.00 70.00,236.00
             70.00,236.00 70.00,238.00 70.00,238.00
             70.00,238.00 68.00,237.00 68.00,237.00
             68.00,237.00 63.00,240.00 63.00,240.00
             60.18,243.33 52.12,249.94 48.00,251.00
             48.00,251.00 40.00,259.00 40.00,259.00
             38.87,263.35 34.49,267.28 31.00,270.00
             31.00,270.00 29.00,273.00 29.00,273.00
             29.00,273.00 23.45,287.00 23.45,287.00
             23.45,287.00 17.00,306.00 17.00,306.00
             17.97,310.04 18.55,311.51 16.00,315.00
             17.34,320.49 17.34,323.51 16.00,329.00
             18.55,332.49 17.97,333.96 17.00,338.00
             19.11,340.99 18.75,341.48 18.00,345.00
             18.00,345.00 19.00,349.00 19.00,349.00
             21.88,352.57 22.40,355.49 22.00,360.00
             25.30,363.45 26.81,367.24 27.00,372.00
             27.00,372.00 29.00,376.00 29.00,376.00
             32.38,379.16 36.55,385.34 37.00,390.00
             37.00,390.00 41.00,396.00 41.00,396.00
             41.00,396.00 44.00,400.00 44.00,400.00
             44.00,400.00 48.00,405.00 48.00,405.00
             48.00,405.00 71.00,427.00 71.00,427.00
             71.00,427.00 87.00,435.74 87.00,435.74
             87.00,435.74 106.00,444.31 106.00,444.31
             106.00,444.31 120.00,450.00 120.00,450.00
             120.00,450.00 125.00,451.00 125.00,451.00
             125.00,451.00 130.00,452.00 130.00,452.00
             133.52,451.25 134.01,450.89 137.00,453.00
             137.00,453.00 161.00,452.00 161.00,452.00
             161.00,452.00 185.00,450.00 185.00,450.00
             188.72,446.82 193.18,445.92 198.00,446.00
             201.33,442.82 203.42,442.12 208.00,442.00
             208.00,442.00 210.00,441.00 210.00,441.00
             212.68,438.32 214.15,437.22 218.00,437.00
             220.43,434.24 221.24,433.26 225.00,433.00
             225.00,433.00 228.00,431.00 228.00,431.00
             228.00,431.00 234.00,427.00 234.00,427.00
             234.00,427.00 238.00,424.00 238.00,424.00
             238.00,424.00 242.00,421.00 242.00,421.00
             244.75,417.24 251.58,410.26 256.00,409.00
             256.00,409.00 257.00,408.00 257.00,408.00
             257.00,408.00 256.00,406.00 256.00,406.00
             256.00,406.00 272.00,393.00 272.00,393.00
             273.27,388.16 279.97,382.89 284.00,380.00
             284.93,376.45 286.44,375.66 288.84,372.99
             292.76,368.63 299.51,359.57 305.00,358.00
             305.00,358.00 306.00,357.00 306.00,357.00
             306.00,357.00 305.00,355.00 305.00,355.00
             305.00,355.00 312.00,352.00 312.00,352.00
             315.23,347.71 322.51,341.54 328.00,341.00
             333.36,334.92 354.82,325.28 363.00,326.00
             363.00,326.00 366.00,325.00 366.00,325.00
             369.38,322.31 370.81,322.34 375.00,323.00
             375.00,323.00 380.00,322.00 380.00,322.00
             382.99,319.89 383.48,320.25 387.00,321.00
             390.67,318.30 392.78,318.98 397.00,320.00
             401.11,316.98 410.89,316.98 415.00,320.00
             419.22,318.98 421.33,318.30 425.00,321.00
             429.71,319.96 433.06,319.98 437.00,323.00
             442.98,322.05 453.60,324.81 458.00,329.00
             462.29,328.97 467.30,330.45 470.00,334.00
             475.48,334.23 481.14,337.15 485.00,341.00
             487.88,341.14 489.26,341.65 491.00,344.00
             494.28,344.45 496.95,345.29 499.00,348.00
             499.00,348.00 502.00,347.00 502.00,347.00
             502.00,347.00 503.00,350.00 503.00,350.00
             503.00,350.00 521.00,356.00 521.00,356.00
             521.00,356.00 518.00,350.00 518.00,350.00
             518.00,350.00 504.71,334.00 504.71,334.00
             504.71,334.00 488.00,316.00 488.00,316.00
             488.00,316.00 483.00,312.00 483.00,312.00
             479.11,311.36 478.34,310.04 476.00,307.00
             476.00,307.00 473.00,305.00 473.00,305.00
             473.00,305.00 470.00,303.00 470.00,303.00
             465.36,302.69 460.99,299.40 458.00,296.00
             458.00,296.00 455.00,297.00 455.00,297.00
             455.00,297.00 454.00,294.00 454.00,294.00
             454.00,294.00 431.00,286.03 431.00,286.03
             431.00,286.03 414.00,280.00 414.00,280.00
             414.00,280.00 409.00,279.00 409.00,279.00
             409.00,279.00 403.00,278.00 403.00,278.00
             398.61,279.07 395.83,279.82 392.00,277.00
             392.00,277.00 380.00,277.00 380.00,277.00
             376.17,279.82 373.39,279.07 369.00,278.00
             365.08,280.90 359.64,281.03 355.00,280.00
             355.00,280.00 350.00,281.00 350.00,281.00
             350.00,281.00 345.00,282.00 345.00,282.00
             345.00,282.00 341.00,283.00 341.00,283.00
             341.00,283.00 328.00,288.02 328.00,288.02
             328.00,288.02 308.00,294.00 308.00,294.00
             308.00,294.00 306.00,295.00 306.00,295.00
             302.88,298.12 289.24,305.73 285.00,306.00
             285.00,306.00 282.00,308.00 282.00,308.00
             282.00,308.00 276.00,312.00 276.00,312.00
             276.00,312.00 272.00,315.00 272.00,315.00
             272.00,315.00 268.00,318.00 268.00,318.00
             268.00,318.00 263.00,322.00 263.00,322.00
             260.43,325.59 257.37,329.75 253.00,331.00
             253.00,331.00 251.00,336.00 251.00,336.00
             244.88,337.22 240.74,348.79 233.00,351.00
             233.00,351.00 232.00,352.00 232.00,352.00
             232.00,352.00 233.00,354.00 233.00,354.00
             233.00,354.00 223.00,359.00 223.00,359.00
             220.86,361.67 220.47,362.55 217.00,363.00
             212.49,368.31 202.05,374.06 195.00,374.00
             195.00,374.00 192.00,375.00 192.00,375.00
             188.35,378.41 183.80,379.19 179.00,380.20
             169.01,382.30 162.19,383.02 152.00,383.00
             146.94,382.99 141.19,383.13 137.00,380.00
             131.03,380.95 119.80,378.00 116.00,373.00
             116.00,373.00 113.00,374.00 113.00,374.00
             113.00,374.00 112.00,371.00 112.00,371.00
             112.00,371.00 110.00,370.00 110.00,370.00
             104.07,369.59 89.59,357.58 88.00,352.00
             84.56,349.48 81.78,347.38 81.00,343.00
             81.00,343.00 78.00,338.00 78.00,338.00
             73.83,334.33 71.69,330.64 72.00,325.00
             68.38,320.48 67.50,310.75 71.00,306.00
             71.00,306.00 72.00,302.00 72.00,302.00
             71.78,297.77 72.04,297.04 75.00,294.00
             75.48,289.09 81.23,283.85 86.00,283.00
             89.26,279.31 91.04,278.21 96.00,278.00
             100.73,273.92 107.99,272.67 114.00,274.00
             117.67,271.30 121.33,271.30 125.00,274.00
             125.00,274.00 131.00,275.00 131.00,275.00
             135.75,274.28 137.49,274.66 141.00,278.00
             146.92,278.44 155.33,284.16 157.00,290.00
             159.67,292.14 160.55,292.53 161.00,296.00
             164.34,299.15 164.86,300.43 165.00,305.00
             165.00,305.00 167.00,311.00 167.00,311.00
             167.00,311.00 168.00,315.00 168.00,315.00
             170.72,318.69 170.00,321.56 170.00,326.00
             170.00,326.00 182.00,312.00 182.00,312.00
             182.00,312.00 185.53,291.75 185.53,291.75
             185.53,291.75 185.00,280.00 185.00,280.00
             182.80,277.13 178.96,265.65 179.00,262.00
             179.00,262.00 177.00,262.00 177.00,262.00
             177.00,262.00 178.00,260.00 178.00,260.00
             174.83,257.32 171.91,254.13 171.00,250.00
             171.00,250.00 163.00,242.00 163.00,242.00
             159.02,241.23 151.71,236.07 149.00,233.00
             149.00,233.00 129.00,228.28 129.00,228.28
             129.00,228.28 104.00,226.00 104.00,226.00 Z
           M 360.00,337.00
           C 360.00,337.00 344.00,353.00 344.00,353.00
             344.00,353.00 343.00,355.00 343.00,355.00
             343.08,358.67 340.20,368.13 338.00,371.00
             339.36,376.60 339.36,380.40 338.00,386.00
             338.00,386.00 339.00,392.00 339.00,392.00
             339.00,392.00 347.26,409.00 347.26,409.00
             347.26,409.00 353.00,420.00 353.00,420.00
             353.00,420.00 368.00,432.25 368.00,432.25
             368.00,432.25 382.00,441.00 382.00,441.00
             382.00,441.00 385.00,442.00 385.00,442.00
             385.00,442.00 401.28,444.40 401.28,444.40
             401.28,444.40 412.00,445.00 412.00,445.00
             415.60,442.30 418.67,442.30 423.00,443.00
             426.15,440.28 435.84,436.22 440.00,436.00
             440.00,436.00 440.00,434.00 440.00,434.00
             440.00,434.00 442.00,435.00 442.00,435.00
             442.00,435.00 445.00,433.00 445.00,433.00
             447.85,429.58 451.57,425.99 456.00,425.00
             458.83,421.08 467.51,412.28 472.00,411.00
             472.00,411.00 473.00,410.00 473.00,410.00
             473.00,410.00 472.00,408.00 472.00,408.00
             476.37,406.03 479.01,403.55 483.00,401.06
             490.39,396.47 503.24,390.28 512.00,392.00
             516.18,388.92 527.82,388.92 532.00,392.00
             538.11,390.80 545.45,392.67 550.00,397.00
             560.19,397.43 573.03,410.18 583.00,414.00
             581.20,407.69 574.15,396.93 569.45,392.47
             565.27,388.50 562.12,387.29 558.00,382.00
             558.00,382.00 555.00,380.00 555.00,380.00
             555.00,380.00 550.00,377.00 550.00,377.00
             550.00,377.00 548.00,376.00 548.00,376.00
             543.89,376.09 532.10,371.65 529.00,369.00
             525.48,369.75 524.99,370.11 522.00,368.00
             516.40,369.36 512.60,369.36 507.00,368.00
             503.33,370.70 501.22,370.02 497.00,369.00
             493.14,372.09 485.88,373.44 481.00,373.00
             481.00,373.00 466.00,381.31 466.00,381.31
             466.00,381.31 455.00,387.00 455.00,387.00
             455.00,387.00 449.00,392.00 449.00,392.00
             449.00,392.00 444.00,396.00 444.00,396.00
             441.86,398.67 441.47,399.55 438.00,400.00
             431.46,407.40 419.33,409.10 410.00,408.51
             403.55,408.11 394.74,410.16 390.00,404.00
             390.00,404.00 387.00,405.00 387.00,405.00
             387.00,405.00 386.00,402.00 386.00,402.00
             386.00,402.00 383.00,400.00 383.00,400.00
             383.00,400.00 378.00,396.00 378.00,396.00
             378.00,396.00 376.00,397.00 376.00,397.00
             376.00,397.00 373.00,390.00 373.00,390.00
             373.00,390.00 370.00,385.00 370.00,385.00
             366.78,381.72 366.38,380.55 367.00,376.00
             365.04,373.21 365.04,372.79 367.00,370.00
             367.00,370.00 369.00,364.00 369.00,364.00
             371.00,356.44 380.15,354.22 387.00,354.50
             393.29,354.76 395.96,352.87 401.00,358.00
             401.00,358.00 403.00,359.00 403.00,359.00
             413.04,361.65 412.75,375.11 415.00,383.00
             415.00,383.00 418.00,381.00 418.00,381.00
             418.00,381.00 424.00,369.00 424.00,369.00
             424.00,369.00 422.00,350.00 422.00,350.00
             417.29,345.90 415.58,341.63 410.00,337.63
             399.92,330.41 385.72,329.46 374.00,332.48
             369.25,333.70 364.01,336.78 360.00,337.00 Z
           M 249.00,337.00
           C 249.00,337.00 249.00,338.00 249.00,338.00
             249.00,338.00 248.00,337.00 248.00,337.00
             248.00,337.00 249.00,337.00 249.00,337.00 Z" />
</svg>
